5.13084e+09 0
6.6847e+09 0
6.42356e+09 0
6.56825e+09 0
7.7092e+09 0
8.25811e+09 0
7.60459e+09 0
0 0
8.38186e+09 0
8.08598e+09 0
8.83478e+09 0
8.94811e+09 0
8.58466e+09 0
9.32144e+09 0
8.77644e+09 0
8.76084e+09 0
8.95555e+09 0
1.00089e+10 0
9.29747e+09 0
5.82779e+09 0
7.68091e+09 0
8.04986e+09 0
1.44877e+09 0
2.76252e+09 0
1.05455e+10 0
1.02734e+10 0
8.95345e+09 0
1.00482e+10 0
8.10184e+09 0
9.08699e+09 0
5.33332e+09 0
9.9182e+09 0
8.62333e+09 0
9.76192e+09 0
5.82544e+09 0
1.0426e+10 0
9.06728e+09 0
7.00934e+09 0
0 0
0 0
0 0
0 0
0 0
0 0
0 0
0 0
0 0
0 0
0 0
0 0
0 0
0 0
0 0
0 0
0 0
0 0
0 0
0 0
0 0
0 0
0 0
0 0
0 0
0 0
0 0
0 0
0 0
0 0
0 0
0 0
0 0
0 0
0 0
0 0
0 0
0 0
0 0
0 0
0 0
0 0
0 0
0 0
0 0
0 0
0 0
0 0
0 0
0 0
0 0
0 0
0 0
0 0
0 0
0 0
0 0
0 0
0 0
0 0
0 0
0 0
0 0
0 0
0 0
0 0
0 0
2.7079e+10 0
2.48919e+10 0
9.02232e+09 0
2.07536e+10 0
2.08981e+10 0
2.59522e+10 0
2.32611e+10 0
2.76235e+10 0
1.89314e+10 0
2.84556e+10 0
2.58252e+10 0
2.28876e+10 0
2.03789e+10 1
2.25298e+10 0
2.70305e+10 0
2.29724e+10 0
2.63423e+10 0
2.8637e+10 0
1.5161e+10 0
2.53213e+10 0
2.65161e+10 0
2.71116e+10 0
3.25521e+10 0
2.43732e+10 0
1.55289e+10 0
2.5147e+10 0
1.37544e+10 0
2.57148e+10 0
1.68203e+10 0
2.78725e+10 0
3.39545e+08 0
0 0
3.49668e+10 0
2.25772e+10 0
2.72639e+10 0
3.38906e+10 0
2.79502e+10 0
3.63744e+10 0
3.08656e+10 0
3.57516e+10 0
3.072e+10 0
2.99854e+10 0
3.66592e+10 0
2.94078e+10 0
2.99242e+10 0
3.32977e+10 0
3.19301e+10 1
3.81962e+10 1
3.21828e+10 1
3.55186e+10 0
3.31814e+10 0
2.73569e+10 0
2.81093e+10 0
3.28136e+10 0
4.15949e+10 0
3.72902e+10 0
8.09705e+09 0
1.61062e+10 0
1.77387e+10 0
3.05974e+10 0
2.10472e+10 0
2.87934e+10 0
2.15677e+10 0
4.39115e+10 0
4.30037e+10 0
4.081e+10 0
3.81193e+10 0
3.84212e+10 0
4.20942e+10 0
4.05055e+10 0
4.14278e+10 0
4.48391e+10 0
4.2033e+10 0
4.10756e+10 0
4.30247e+10 0
4.16131e+10 0
4.43932e+10 0
4.68245e+10 0
4.24492e+10 0
4.5599e+10 0
4.29943e+10 0
4.6554e+10 0
4.41357e+10 0
4.65557e+10 0
4.39821e+10 0
4.65209e+10 0
5.16024e+10 0
3.20967e+10 0
2.25749e+10 0
3.67518e+10 0
4.33724e+10 0
4.5092e+10 0
3.40768e+10 0
4.0496e+10 0
2.62603e+10 0
3.26573e+10 0
5.50198e+10 0
4.79804e+10 0
3.40684e+10 0
4.22126e+10 0
4.78485e+10 0
4.7634e+10 0
5.03757e+10 0
4.91786e+10 0
5.55569e+10 0
4.89135e+10 0
5.06431e+10 0
5.17929e+10 0
5.06624e+10 0
5.12501e+10 0
5.70328e+10 0
5.05744e+10 0
4.36968e+10 0
5.82188e+10 0
5.21116e+10 0
5.35344e+10 0
4.87809e+10 0
4.5089e+10 0
6.28001e+10 0
4.32864e+10 0
9.06066e+09 0
2.31746e+10 0
2.66902e+10 0
3.70529e+10 0
3.89923e+10 0
8.66773e+09 0
0 0
6.05729e+10 0
6.41822e+10 0
5.19509e+10 0
5.42636e+10 0
5.84297e+10 0
5.58827e+10 0
6.6118e+10 0
5.59668e+10 0
6.22052e+10 0
6.72977e+10 1
6.25965e+10 0
5.79923e+10 0
6.01813e+10 0
5.8721e+10 0
5.93204e+10 0
7.0254e+10 0
5.50977e+10 0
6.06227e+10 0
6.22192e+10 0
5.40447e+10 0
7.16601e+10 0
5.70509e+10 0
5.45836e+10 0
7.50353e+10 0
4.50756e+10 0
9.93006e+09 0
1.52007e+10 0
3.43532e+10 0
3.25908e+10 0
4.4568e+10 0
5.25716e+10 0
0 0
0 0
0 0
0 0
0 0
0 0
0 0
0 0
0 0
0 0
0 0
0 0
0 0
0 0
0 0
0 0
0 0
0 0
0 0
0 0
0 0
0 0
0 0
0 0
0 0
0 0
0 0
0 0
0 0
0 0
0 0
0 0
0 0
0 0
0 0
0 0
0 0
0 0
0 0
0 0
0 0
0 0
0 0
0 0
0 0
0 0
0 0
0 0
0 0
0 0
0 0
0 0
0 0
0 0
0 0
0 0
0 0
0 0
0 0
0 0
0 0
0 0
0 0
0 0
0 0
5.91824e+10 0
1.07384e+11 0
1.07929e+11 0
9.54521e+10 0
1.14157e+10 0
2.83013e+10 0
4.3775e+10 0
7.69353e+10 0
8.02356e+10 0
9.43557e+10 0
8.94398e+10 0
9.69896e+10 0
9.19368e+10 0
1.0134e+11 0
9.29616e+10 0
8.55445e+10 0
9.21987e+10 1
8.36947e+10 0
4.94647e+10 0
7.55088e+10 0
5.24818e+10 0
9.73662e+10 0
9.95967e+10 0
1.12439e+11 0
6.45869e+10 0
7.59413e+10 0
5.08303e+10 0
7.70103e+10 0
5.19478e+10 0
7.86557e+10 0
3.91118e+10 0
0 0
0 0
1.19346e+11 0
1.07713e+11 0
1.01839e+11 0
1.11975e+11 0
1.12265e+11 0
1.15832e+11 0
9.72053e+10 0
1.15151e+11 0
1.01645e+11 0
1.14513e+11 0
1.03753e+11 0
1.13301e+11 0
1.06864e+11 0
1.17577e+11 0
1.04628e+11 0
1.17296e+11 0
7.83467e+10 0
1.12388e+11 0
1.08555e+11 0
1.20038e+11 0
1.09066e+11 0
1.09723e+11 0
1.1486e+11 0
9.30871e+10 0
6.06204e+10 0
1.25526e+11 0
7.81786e+10 0
9.91662e+10 0
1.04896e+11 0
6.39045e+10 0
0 0
0 0
1.38266e+11 0
1.17562e+11 0
1.10448e+11 0
1.23613e+11 0
1.14715e+11 0
1.32596e+11 1
1.20204e+11 1
1.23321e+11 0
1.15054e+11 0
1.28485e+11 0
1.16104e+11 1
1.30526e+11 1
1.18585e+11 0
1.30365e+11 0
1.23629e+11 0
1.04316e+11 0
1.25844e+11 0
1.04442e+11 0
1.23188e+11 0
1.29847e+11 0
9.70954e+10 0
1.28411e+11 1
1.29172e+11 0
1.37569e+11 0
1.02174e+11 0
1.3537e+11 0
1.25628e+11 0
1.26518e+11 0
9.30252e+10 0
7.22713e+10 0
0 0
0 0
1.58302e+11 0
1.3292e+11 0
1.97892e+10 0
3.6656e+10 0
1.51903e+11 0
1.39691e+11 0
1.82241e+10 0
4.30434e+10 0
5.58536e+10 0
1.13005e+11 1
1.63863e+11 1
1.47318e+11 0
1.94123e+10 0
4.60833e+10 0
6.06164e+10 0
9.91939e+10 0
1.11062e+11 0
1.04603e+11 0
7.6453e+10 0
1.10079e+11 0
1.05555e+11 0
1.53903e+11 0
1.6858e+11 0
1.51721e+11 0
1.26272e+11 0
1.50225e+11 0
1.26431e+11 0
1.24285e+11 0
1.15827e+11 0
1.41431e+11 0
0 0
1.65194e+11 0
1.77289e+11 0
1.54777e+11 0
1.3653e+11 0
1.58428e+11 0
1.68047e+11 0
1.68257e+11 0
1.41793e+11 0
1.61418e+11 0
1.64697e+11 1
1.76289e+11 0
1.50671e+11 0
1.68422e+11 0
1.74729e+11 0
1.19343e+11 0
8.80286e+10 0
3.04992e+10 0
5.4777e+10 0
6.68104e+10 0
1.80693e+11 0
1.6478e+11 0
1.36199e+11 0
1.60944e+11 0
1.8276e+11 0
1.21467e+11 0
7.62749e+08 0
6.68508e+09 0
1.57545e+10 0
7.75857e+10 0
1.26102e+11 0
1.15271e+11 0
0 0
0 0
0 0
0 0
0 0
0 0
0 0
0 0
0 0
0 0
0 0
0 0
0 0
0 0
0 0
0 0
0 0
0 0
0 0
0 0
0 0
0 0
0 0
0 0
0 0
0 0
0 0
0 0
0 0
0 0
0 0
0 0
0 0
0 0
0 0
0 0
0 0
0 0
0 0
0 0
0 0
0 0
0 0
0 0
0 0
0 0
0 0
0 0
0 0
0 0
0 0
0 0
0 0
0 0
0 0
0 0
0 0
0 0
0 0
0 0
0 0
0 0
0 0
0 0
0 0
0 0
2.41181e+11 0
2.29395e+11 0
1.88138e+11 0
1.81793e+11 0
2.07703e+11 1
2.18093e+11 0
2.11616e+11 1
2.27873e+11 0
1.63106e+11 1
2.22788e+11 0
1.94074e+11 0
2.14026e+11 0
1.67368e+11 0
1.60869e+11 0
1.9866e+11 0
1.45592e+11 0
1.88224e+11 0
2.15295e+11 0
2.27081e+11 0
2.4599e+11 0
2.16787e+11 0
2.30078e+11 0
2.55004e+11 0
2.33423e+11 0
0 0
0 0
0 0
0 0
0 0
0 0
0 0
0 0
2.26161e+11 0
2.53192e+11 1
2.08756e+11 0
1.6121e+11 0
1.78902e+11 0
2.67039e+11 1
2.40681e+11 1
7.63095e+10 0
8.27837e+10 0
1.51794e+11 0
2.22991e+11 0
1.9877e+11 0
2.05879e+11 0
2.03644e+11 0
2.21788e+11 0
2.27186e+11 0
2.23956e+11 1
2.16794e+11 0
1.94908e+11 0
2.18767e+11 0
2.18235e+11 1
2.39451e+11 0
2.78585e+11 0
2.42692e+11 0
5.16733e+10 0
1.01191e+11 0
1.49362e+11 0
2.27793e+11 0
2.30869e+11 0
2.59885e+11 0
0 0
0 0
2.84617e+11 0
2.50928e+11 1
2.35502e+11 0
2.42578e+11 0
2.57993e+11 0
2.49142e+11 0
2.36441e+11 0
2.32315e+11 0
2.5582e+11 0
2.64178e+11 0
2.49295e+11 0
2.90728e+11 1
2.58697e+11 0
2.10272e+11 0
2.10844e+11 0
2.04254e+11 0
2.03213e+11 1
2.59921e+11 0
2.39106e+11 0
2.43733e+11 0
2.92312e+11 0
2.61453e+11 0
3.04712e+11 0
2.32635e+11 0
8.39436e+10 0
8.43265e+10 0
1.49612e+11 0
1.8632e+11 0
5.51704e+10 0
0 0
0 0
0 0
2.91837e+11 0
2.74557e+11 0
2.72579e+11 0
2.85887e+11 0
2.85611e+11 0
3.00949e+11 0
2.97079e+11 0
2.96171e+11 0
2.99507e+11 0
3.02834e+11 0
3.12056e+11 1
2.92877e+11 1
2.85508e+11 1
2.78552e+11 1
2.7717e+11 1
2.7057e+11 1
2.99801e+11 1
2.56777e+11 1
2.62419e+11 1
2.55044e+11 1
2.50926e+11 1
2.70272e+11 1
2.69246e+11 1
3.03233e+11 1
2.27443e+11 1
2.49427e+11 1
2.55351e+11 0
2.40286e+11 0
2.5929e+11 0
1.78105e+11 0
0 0
0 0
3.17969e+11 0
3.14366e+11 0
2.84463e+11 0
2.75401e+11 0
2.42714e+11 0
2.89788e+11 0
2.89667e+10 0
9.59682e+10 0
1.24463e+11 0
1.66416e+11 1
1.6195e+11 0
2.93583e+11 0
2.84619e+11 0
2.96254e+11 0
1.86348e+11 0
2.59375e+11 0
2.56084e+11 0
3.03104e+11 0
2.70934e+11 0
2.98344e+11 0
2.77619e+11 0
3.05183e+11 0
3.60335e+11 0
2.72451e+11 0
4.13694e+10 0
9.21671e+10 0
5.13577e+10 0
1.29331e+11 0
2.15989e+11 0
2.81225e+11 0
0 0
0 0
0 0
0 0
0 0
0 0
0 0
0 0
0 0
0 0
0 0
0 0
0 0
0 0
0 0
0 0
0 0
0 0
0 0
0 0
0 0
0 0
0 0
0 0
0 0
0 0
0 0
0 0
0 0
0 0
0 0
0 0
0 0
0 0
0 0
0 0
0 0
0 0
0 0
0 0
0 0
0 0
0 0
0 0
0 0
0 0
0 0
0 0
0 0
0 0
0 0
0 0
0 0
0 0
0 0
0 0
0 0
0 0
0 0
0 0
0 0
0 0
0 0
0 0
0 0
0 0
4.26339e+11 1
3.92956e+11 0
3.40632e+11 0
3.47931e+11 1
3.33003e+11 0
3.35833e+11 0
3.49619e+11 1
3.44531e+11 0
3.36898e+11 0
3.46891e+11 0
3.63035e+11 1
0 0
0 0
0 0
0 0
0 0
0 0
0 0
0 0
0 0
0 0
0 0
0 0
0 0
0 0
0 0
0 0
0 0
0 0
0 0
0 0
0 0
3.32352e+11 0
4.11668e+11 0
4.31568e+11 0
3.39172e+11 1
3.35487e+11 1
3.67049e+11 0
4.33712e+11 0
4.1537e+11 0
3.81756e+11 0
1.48136e+11 0
1.15843e+11 0
1.77404e+11 0
2.88209e+11 0
4.59836e+11 0
4.10861e+11 0
1.60293e+11 0
2.57163e+11 1
2.68222e+11 0
3.21736e+11 1
3.15762e+11 0
2.35117e+11 0
2.88087e+11 0
4.81302e+11 0
3.14961e+11 0
4.58678e+10 0
7.4734e+10 0
2.25708e+11 0
5.78134e+10 0
0 0
0 0
0 0
0 0
4.84998e+11 0
4.58725e+11 0
4.87847e+11 0
4.07494e+11 0
3.30423e+11 0
3.53262e+11 0
3.71996e+11 1
3.81533e+11 0
3.86503e+11 0
3.98264e+11 0
3.98152e+11 0
4.00736e+11 0
4.10793e+11 0
3.89166e+11 0
3.83275e+11 0
3.94173e+11 0
4.03957e+11 0
4.10719e+11 0
4.17598e+11 0
4.19859e+11 0
4.19915e+11 0
4.6998e+11 1
4.70922e+11 1
3.9801e+11 1
3.47601e+11 0
3.61458e+11 0
1.19594e+11 0
0 0
0 0
0 0
0 0
0 0
4.71755e+11 1
4.73392e+11 0
4.94003e+11 1
4.01384e+11 1
4.09214e+11 1
4.54922e+11 1
0 0
0 0
0 0
0 0
0 0
0 0
0 0
0 0
0 0
0 0
0 0
0 0
0 0
0 0
0 0
0 0
0 0
0 0
0 0
0 0
0 0
0 0
0 0
0 0
0 0
0 0
5.16011e+11 0
4.57032e+11 0
4.07689e+11 0
4.0883e+11 0
4.16627e+11 0
4.64134e+11 0
4.83008e+11 0
4.62344e+11 0
4.69832e+11 0
4.58473e+11 0
4.72225e+11 0
4.59402e+11 0
5.07917e+11 1
5.01402e+11 1
4.75054e+11 0
5.18464e+11 0
4.23195e+11 0
1.96422e+11 0
3.77381e+11 0
4.74704e+11 0
3.9481e+11 0
4.8602e+11 0
5.77108e+11 0
4.2722e+11 0
2.32329e+11 0
2.63984e+11 0
2.61275e+11 0
0 0
0 0
0 0
0 0
0 0
0 0
0 0
0 0
0 0
0 0
0 0
0 0
0 0
0 0
0 0
0 0
0 0
0 0
0 0
0 0
0 0
0 0
0 0
0 0
0 0
0 0
0 0
0 0
0 0
0 0
0 0
0 0
0 0
0 0
0 0
0 0
0 0
0 0
0 0
0 0
0 0
0 0
0 0
0 0
0 0
0 0
0 0
0 0
0 0
0 0
0 0
0 0
0 0
0 0
0 0
0 0
0 0
0 0
0 0
0 0
0 0
0 0
0 0
0 0
0 0
0 0
0 0
0 0
0 0
5.17125e+11 0
6.48497e+11 0
5.95116e+11 0
4.89941e+11 0
5.30165e+11 0
5.08856e+11 0
5.42094e+11 0
5.51149e+11 0
5.40985e+11 0
5.56307e+11 0
5.58892e+11 0
5.78579e+11 0
5.87434e+11 0
6.52897e+11 0
6.50052e+11 0
4.69049e+11 1
3.82889e+11 1
3.40306e+11 0
5.61399e+11 0
5.7833e+11 0
4.60131e+11 0
5.80633e+11 0
6.94546e+11 1
6.36334e+11 1
2.78028e+11 1
2.52915e+11 1
2.91711e+11 1
3.31778e+11 1
4.87597e+11 0
4.72238e+11 0
0 0
0 0
6.68212e+11 0
6.5266e+11 1
6.19742e+11 1
6.95154e+11 1
4.97337e+11 1
5.49654e+11 1
5.73263e+11 1
5.77776e+11 1
6.11399e+11 1
5.70527e+11 1
5.44941e+11 1
5.75321e+11 1
5.48467e+11 0
7.07637e+11 0
6.66632e+11 1
4.93246e+11 1
5.44815e+11 1
5.41367e+11 1
4.04932e+11 1
3.08843e+11 1
6.17916e+11 1
6.24015e+11 0
7.33688e+11 0
5.42576e+11 0
2.56104e+11 0
3.27819e+11 0
3.35837e+11 0
3.62281e+11 0
3.69877e+11 0
0 0
0 0
0 0
6.64938e+11 1
7.17095e+11 0
6.59782e+11 0
4.57405e+11 1
5.45624e+11 1
6.67122e+11 0
6.34385e+11 0
7.18242e+11 0
6.43069e+11 1
5.80713e+11 0
6.27246e+11 0
5.8922e+11 0
6.36706e+11 0
5.60704e+11 0
7.11478e+11 0
7.06329e+11 0
5.28526e+11 0
3.95457e+11 0
3.26549e+11 0
6.36494e+11 0
4.93568e+11 0
5.57392e+11 0
7.70754e+11 0
7.08126e+11 0
4.36918e+11 0
5.24467e+11 0
5.7031e+11 0
4.28803e+11 0
4.38824e+11 0
6.72406e+11 0
0 0
0 0
7.33136e+11 1
7.53576e+11 1
6.64767e+11 1
5.36884e+11 1
5.74849e+11 1
6.25448e+11 1
6.52565e+11 1
6.01499e+11 1
5.8872e+11 1
5.92299e+11 1
6.17336e+11 1
7.19158e+11 1
7.12325e+11 0
7.16123e+11 1
0 0
0 0
0 0
0 0
0 0
0 0
0 0
0 0
0 0
0 0
0 0
0 0
0 0
0 0
0 0
0 0
0 0
0 0
8.06884e+11 1
7.35257e+11 0
6.76271e+11 1
2.60448e+11 0
3.39977e+11 0
3.36952e+11 0
7.26438e+11 0
5.83945e+11 0
7.34819e+11 0
7.01713e+11 0
7.9575e+11 0
7.37951e+11 0
6.67145e+11 0
7.37423e+11 0
7.75195e+11 0
8.34099e+11 1
0 0
0 0
0 0
0 0
0 0
0 0
0 0
0 0
0 0
0 0
0 0
0 0
0 0
0 0
0 0
0 0
0 0
0 0
0 0
0 0
0 0
0 0
0 0
0 0
0 0
0 0
0 0
0 0
0 0
0 0
0 0
0 0
0 0
0 0
0 0
0 0
0 0
0 0
0 0
0 0
0 0
0 0
0 0
0 0
0 0
0 0
0 0
0 0
0 0
0 0
0 0
0 0
0 0
0 0
0 0
0 0
0 0
0 0
0 0
0 0
0 0
0 0
0 0
0 0
0 0
0 0
0 0
0 0
0 0
0 0
0 0
0 0
0 0
0 0
0 0
0 0
0 0
0 0
0 0
0 0
8.44981e+11 0
8.06644e+11 0
2.84083e+11 0
1.51442e+11 0
2.41061e+11 0
2.62025e+11 0
4.83799e+11 0
4.82167e+11 0
7.65076e+11 0
6.19316e+11 0
5.44417e+11 0
4.61884e+11 0
5.84258e+11 0
9.62257e+11 0
8.52725e+11 0
1.35729e+11 0
2.90149e+11 0
3.68308e+11 0
4.78731e+11 0
5.38728e+11 0
7.89872e+11 0
7.03807e+11 0
9.93898e+11 0
8.90661e+11 0
2.89277e+10 0
1.32879e+10 0
1.13445e+10 0
0 0
0 0
0 0
0 0
0 0
6.98872e+11 0
1.00688e+12 0
9.13718e+11 0
3.11939e+11 0
7.35097e+11 0
6.52363e+11 0
3.40591e+11 0
4.4904e+11 1
4.76391e+11 1
5.8035e+11 1
6.30858e+11 1
6.66482e+11 1
8.12008e+11 1
7.93587e+11 0
8.52913e+11 1
1.01255e+12 1
7.04485e+11 1
3.2391e+10 1
6.86112e+11 1
5.43159e+11 1
4.88457e+11 1
6.37151e+11 1
1.0411e+12 1
7.77397e+11 1
2.71461e+09 1
5.0441e+10 1
5.73594e+10 1
5.99365e+11 1
5.86262e+11 1
3.48307e+11 0
0 0
0 0
9.64816e+11 0
1.05078e+12 0
9.17432e+11 0
2.94034e+11 0
3.9758e+11 0
3.93481e+11 0
6.35086e+11 1
7.07482e+11 0
7.81037e+11 0
8.18797e+11 0
8.63857e+11 0
7.08516e+11 0
8.28672e+11 0
7.45088e+11 1
1.06215e+12 0
9.44272e+11 1
2.0269e+11 0
2.80574e+11 0
4.88212e+11 0
4.8572e+11 0
6.58059e+11 1
7.09612e+11 1
1.08938e+12 1
2.37808e+11 1
9.54133e+08 1
1.94427e+09 1
2.2098e+10 1
1.39745e+11 0
0 0
0 0
0 0
2.03018e+10 0
8.70668e+11 0
1.10554e+12 0
9.85942e+11 0
2.37354e+11 0
3.35358e+11 0
6.63932e+11 0
5.25299e+11 0
7.2063e+11 0
6.59584e+11 0
6.70552e+11 0
9.42306e+11 0
8.0459e+11 0
9.47426e+11 0
8.02082e+11 1
7.40305e+11 0
6.45014e+11 0
6.76915e+11 0
4.54162e+11 0
8.75958e+11 1
6.13384e+11 0
1.05484e+12 0
9.80124e+11 1
1.1388e+12 0
4.78894e+10 0
2.39925e+08 0
1.37398e+09 0
1.73088e+10 0
1.05942e+11 0
3.17023e+11 0
3.79229e+11 0
4.04183e+11 0
2.62382e+11 0
1.13164e+12 0
1.15467e+12 0
1.01288e+12 1
6.75675e+11 1
7.44372e+11 0
3.7836e+11 0
6.39361e+11 0
8.33664e+11 0
1.11013e+12 0
7.91052e+11 0
5.93592e+11 0
6.40255e+11 0
1.09675e+12 1
9.80489e+11 0
3.63409e+11 0
4.08212e+11 1
5.92997e+11 1
6.27475e+11 0
7.33006e+11 0
8.66921e+11 1
8.53449e+11 0
6.43363e+11 0
1.18889e+12 0
2.31709e+10 0
2.26855e+07 0
1.84368e+08 0
3.79905e+09 0
1.9394e+10 0
1.99518e+11 0
1.46613e+11 0
4.53911e+10 0
9.58417e+10 0
3.21221e+11 0
5.18415e+11 0
7.20947e+11 0
6.89908e+11 0
1.00714e+12 0
7.94267e+11 0
7.5356e+11 0
8.24e+11 0
8.57652e+11 0
9.07025e+11 0
8.23529e+11 0
1.0116e+12 0
9.51112e+11 0
9.50586e+11 0
9.69352e+11 0
1.01669e+12 0
1.06437e+12 0
9.35223e+11 0
9.55113e+11 0
1.01283e+12 0
1.06624e+12 0
9.31515e+11 0
1.24061e+12 0
1.54892e+11 0
1.47226e+08 0
2.35333e+09 0
4.28567e+10 0
1.03752e+11 0
2.98758e+10 0
0 0
0 0
0 0
0 0
0 0
0 0
0 0
0 0
0 0
0 0
0 0
0 0
0 0
0 0
0 0
0 0
0 0
0 0
0 0
0 0
0 0
0 0
0 0
0 0
0 0
0 0
0 0
0 0
0 0
0 0
0 0
0 0
0 0
0 0
0 0
1.18674e+12 0
1.29801e+12 0
1.15648e+12 0
5.8153e+11 1
7.25832e+11 0
9.02753e+11 0
8.11945e+11 0
1.05568e+12 0
1.05979e+12 0
9.51311e+11 1
8.95498e+11 1
9.40857e+11 0
9.49472e+11 0
1.30101e+12 0
8.73636e+11 0
6.16584e+11 0
7.16387e+11 0
7.45741e+11 0
6.22992e+11 0
8.75194e+11 0
9.95025e+11 0
7.74088e+11 0
1.34612e+12 0
9.16372e+11 0
3.12281e+11 0
3.16452e+11 0
4.86017e+11 0
2.65858e+11 0
7.1911e+11 0
5.07416e+11 0
0 0
0 0
1.29591e+12 1
1.32923e+12 0
1.02243e+12 0
1.0824e+12 1
6.7027e+11 0
8.47613e+11 0
1.02905e+12 0
1.00647e+12 0
1.10459e+12 0
9.9691e+11 0
1.03456e+12 0
1.09871e+12 0
1.31612e+12 0
1.24753e+12 1
6.24417e+11 1
8.77905e+11 1
8.85617e+11 0
1.08136e+12 0
4.54795e+09 0
0 0
0 0
0 0
0 0
0 0
0 0
0 0
0 0
0 0
0 0
0 0
0 0
0 0
1.39005e+12 0
1.36512e+12 0
1.2556e+12 0
5.83764e+11 0
6.77563e+11 0
7.65768e+11 0
9.50979e+11 0
9.06915e+11 0
1.14032e+12 0
1.02975e+12 0
1.22048e+12 0
1.11719e+12 1
1.40776e+12 0
1.29338e+12 0
5.53069e+11 0
6.2258e+11 0
6.57153e+11 1
8.70247e+11 0
1.08342e+12 0
1.16713e+12 0
1.21711e+12 0
1.12813e+12 0
1.4485e+12 0
1.16635e+12 0
5.00243e+11 0
4.06155e+11 0
7.34033e+11 0
7.00003e+11 0
0 0
0 0
0 0
0 0
1.32611e+12 0
1.4601e+12 1
1.29067e+12 1
6.28223e+11 1
1.47861e+12 1
1.33601e+12 1
7.14001e+10 1
1.18921e+11 1
2.00536e+11 1
3.16008e+11 1
4.63657e+11 1
6.56786e+11 1
7.75683e+11 1
7.18702e+11 0
8.62471e+11 0
1.03899e+12 0
1.20889e+12 0
1.27333e+12 0
1.29408e+12 0
1.5069e+12 1
1.32176e+12 1
4.53467e+11 1
1.07168e+12 1
9.63747e+11 1
9.32604e+11 1
2.39155e+10 0
0 0
0 0
0 0
0 0
0 0
0 0
1.49424e+12 1
1.43139e+12 1
1.28994e+12 1
1.30562e+12 1
1.28627e+12 1
1.26185e+12 1
1.45316e+12 1
1.36568e+12 1
1.30696e+12 1
1.32965e+12 1
1.33545e+12 1
1.33029e+12 1
1.32748e+12 1
1.30435e+12 1
1.31379e+12 1
1.04776e+12 1
3.54683e+11 1
1.38546e+12 1
8.73663e+10 1
1.35484e+12 1
1.34815e+12 1
1.10089e+12 1
1.36785e+12 1
1.3162e+12 1
5.99957e+11 1
7.46783e+11 1
8.04337e+11 1
9.13105e+11 1
1.07741e+12 1
0 0
0 0
0 0
0 0
0 0
0 0
0 0
0 0
0 0
0 0
0 0
0 0
0 0
0 0
0 0
0 0
0 0
0 0
0 0
0 0
0 0
0 0
0 0
0 0
0 0
0 0
0 0
0 0
0 0
0 0
0 0
0 0
0 0
0 0
0 0
0 0
0 0
0 0
0 0
0 0
0 0
0 0
0 0
0 0
0 0
0 0
0 0
0 0
0 0
0 0
0 0
0 0
0 0
0 0
0 0
0 0
0 0
0 0
0 0
0 0
0 0
0 0
0 0
0 0
0 0
0 0
0 0
1.70972e+12 1
1.12137e+12 1
1.00887e+12 1
1.33187e+12 1
1.50039e+12 1
1.4621e+12 1
1.45608e+12 1
1.45417e+12 1
1.63423e+12 1
1.53568e+12 1
1.52888e+12 1
1.47518e+12 1
1.46093e+12 1
1.48608e+12 1
1.35207e+12 1
1.24421e+12 1
1.28121e+12 1
1.39231e+12 1
1.30272e+12 1
1.13371e+12 1
1.5211e+12 1
1.50125e+12 1
1.54705e+12 1
1.45519e+12 1
5.80555e+11 1
8.13652e+11 1
8.87335e+11 1
9.44281e+11 1
1.13328e+12 1
7.22652e+11 1
0 0
1.65233e+12 0
1.27113e+12 1
3.39181e+11 0
3.81959e+11 0
4.3849e+11 1
7.88336e+11 0
9.76738e+11 0
1.04168e+12 0
8.34245e+11 0
1.03836e+12 0
1.40659e+12 1
1.25777e+12 0
5.90633e+11 0
1.1157e+12 1
1.21176e+12 1
7.18412e+11 1
6.88577e+11 1
7.5537e+11 1
7.80316e+11 1
1.05653e+12 1
1.16249e+12 1
1.79235e+12 1
1.6017e+12 1
5.65372e+11 1
7.30877e+11 1
1.18976e+12 1
1.19012e+12 1
0 0
0 0
0 0
0 0
0 0
0 0
1.8339e+12 1
1.69921e+12 1
1.58521e+12 1
1.52676e+12 1
1.51334e+12 1
1.54329e+12 1
1.56406e+12 1
1.56369e+12 1
1.57417e+12 1
1.59364e+12 1
1.77653e+12 1
1.52805e+12 1
1.60995e+12 1
1.57916e+12 1
1.57393e+12 1
1.59698e+12 1
1.78073e+12 1
1.49494e+12 1
1.69059e+12 1
1.57842e+12 1
1.51812e+12 1
1.52513e+12 1
1.50591e+12 1
1.51736e+12 1
1.54274e+12 1
1.61163e+12 1
1.61768e+12 1
1.62024e+12 1
1.58712e+12 1
8.63496e+11 1
0 0
0 0
1.78498e+12 1
1.61202e+12 1
1.59279e+12 1
1.51758e+12 1
1.63619e+12 1
1.62876e+12 1
1.36701e+12 1
1.61418e+12 1
1.47951e+12 1
1.78848e+12 1
1.67879e+12 1
1.6392e+12 1
1.65565e+12 1
1.73451e+12 1
1.69321e+12 1
1.66025e+12 1
1.65661e+12 1
1.84122e+12 1
1.86791e+12 1
9.14141e+11 1
1.89128e+12 1
1.75468e+12 1
1.71566e+12 1
1.62877e+12 1
1.66153e+12 1
1.51851e+12 1
1.59656e+12 1
1.70212e+12 1
1.69774e+12 1
1.51644e+12 1
0 0
0 0
1.88301e+12 1
1.67854e+12 1
1.63101e+12 1
1.9221e+12 1
1.75922e+12 1
9.94963e+11 1
1.15497e+12 1
1.62135e+12 1
1.64072e+12 1
1.5817e+12 1
1.67526e+12 1
1.64654e+12 1
1.6448e+12 1
1.65969e+12 1
1.71796e+12 1
1.73423e+12 1
1.646e+12 1
1.68241e+12 1
1.71407e+12 1
1.71917e+12 1
1.71526e+12 1
1.70929e+12 1
1.71772e+12 1
1.90101e+12 1
1.65599e+12 1
1.70804e+12 1
1.59943e+12 1
1.75503e+12 1
1.5988e+12 1
