0 0
0 0.00294118
0 0.00588235
0 0.00882353
0 0.0117647
0 0.0147059
0 0.0176471
0 0.0205882
0 0.0235294
0 0.0264706
0 0.0294118
0 0.0323529
0 0.0352941
0 0.0382353
0 0.0411765
0 0.0441176
0 0.0470588
0 0.05
0 0.0529412
0 0.0558824
0 0.0588235
0 0.0617647
0 0.0647059
0 0.0676471
0 0.0705882
0 0.0735294
0 0.0764706
0 0.0794118
0 0.0823529
0 0.0852941
0 0.0882353
0 0.0911765
0 0.0941176
0 0.0970588
0 0.1
0 0.102941
0 0.105882
0 0.108824
0 0.111765
0 0.114706
0 0.117647
0 0.120588
0.000671141 0.120588
0.000671141 0.123529
0.000671141 0.126471
0.000671141 0.129412
0.000671141 0.132353
0.000671141 0.135294
0.000671141 0.138235
0.000671141 0.141176
0.000671141 0.144118
0.000671141 0.147059
0.000671141 0.15
0.000671141 0.152941
0.000671141 0.155882
0.000671141 0.158824
0.000671141 0.161765
0.000671141 0.164706
0.000671141 0.167647
0.000671141 0.170588
0.000671141 0.173529
0.000671141 0.176471
0.000671141 0.179412
0.000671141 0.182353
0.000671141 0.185294
0.000671141 0.188235
0.000671141 0.191176
0.000671141 0.194118
0.000671141 0.197059
0.000671141 0.2
0.000671141 0.202941
0.000671141 0.205882
0.000671141 0.208824
0.000671141 0.211765
0.000671141 0.214706
0.000671141 0.217647
0.000671141 0.220588
0.000671141 0.223529
0.000671141 0.226471
0.000671141 0.229412
0.000671141 0.232353
0.000671141 0.235294
0.000671141 0.238235
0.000671141 0.241176
0.000671141 0.244118
0.000671141 0.247059
0.000671141 0.25
0.000671141 0.252941
0.000671141 0.255882
0.000671141 0.258824
0.000671141 0.261765
0.000671141 0.264706
0.000671141 0.267647
0.000671141 0.270588
0.000671141 0.273529
0.000671141 0.276471
0.000671141 0.279412
0.000671141 0.282353
0.000671141 0.285294
0.000671141 0.288235
0.000671141 0.291176
0.000671141 0.294118
0.000671141 0.297059
0.000671141 0.3
0.000671141 0.302941
0.000671141 0.305882
0.000671141 0.308824
0.000671141 0.311765
0.00134228 0.311765
0.00134228 0.314706
0.00201342 0.314706
0.00201342 0.317647
0.00201342 0.320588
0.00268456 0.320588
0.00268456 0.323529
0.00268456 0.326471
0.00268456 0.329412
0.00268456 0.332353
0.0033557 0.332353
0.0033557 0.335294
0.0033557 0.338235
0.0033557 0.341176
0.00402685 0.341176
0.00402685 0.344118
0.00402685 0.347059
0.00402685 0.35
0.00402685 0.352941
0.00402685 0.355882
0.00469799 0.355882
0.00469799 0.358824
0.00536913 0.358824
0.00536913 0.361765
0.00536913 0.364706
0.00604027 0.364706
0.00604027 0.367647
0.00604027 0.370588
0.00604027 0.373529
0.00604027 0.376471
0.00604027 0.379412
0.00671141 0.379412
0.00738255 0.379412
0.00738255 0.382353
0.00805369 0.382353
0.00872483 0.382353
0.00872483 0.385294
0.00872483 0.388235
0.00872483 0.391176
0.00872483 0.394118
0.00939597 0.394118
0.00939597 0.397059
0.00939597 0.4
0.0100671 0.4
0.0107383 0.4
0.0107383 0.402941
0.0107383 0.405882
0.0114094 0.405882
0.0120805 0.405882
0.0127517 0.405882
0.0127517 0.408824
0.0134228 0.408824
0.0134228 0.411765
0.0134228 0.414706
0.014094 0.414706
0.0147651 0.414706
0.0154362 0.414706
0.0161074 0.414706
0.0161074 0.417647
0.0167785 0.417647
0.0167785 0.420588
0.0174497 0.420588
0.0181208 0.420588
0.0187919 0.420588
0.0187919 0.423529
0.0187919 0.426471
0.0194631 0.426471
0.0201342 0.426471
0.0201342 0.429412
0.0201342 0.432353
0.0201342 0.435294
0.0208054 0.435294
0.0214765 0.435294
0.0221477 0.435294
0.0221477 0.438235
0.0228188 0.438235
0.0228188 0.441176
0.0228188 0.444118
0.0234899 0.444118
0.0234899 0.447059
0.0241611 0.447059
0.0241611 0.45
0.0241611 0.452941
0.0248322 0.452941
0.0255034 0.452941
0.0261745 0.452941
0.0268456 0.452941
0.0268456 0.455882
0.0275168 0.455882
0.0281879 0.455882
0.0288591 0.455882
0.0288591 0.458824
0.0295302 0.458824
0.0295302 0.461765
0.0302013 0.461765
0.0308725 0.461765
0.0315436 0.461765
0.0322148 0.461765
0.0328859 0.461765
0.033557 0.461765
0.0342282 0.461765
0.0342282 0.464706
0.0348993 0.464706
0.0348993 0.467647
0.0355705 0.467647
0.0355705 0.470588
0.0362416 0.470588
0.0369128 0.470588
0.0375839 0.470588
0.038255 0.470588
0.0389262 0.470588
0.0389262 0.473529
0.0395973 0.473529
0.0402685 0.473529
0.0409396 0.473529
0.0409396 0.476471
0.0416107 0.476471
0.0422819 0.476471
0.042953 0.476471
0.042953 0.479412
0.0436242 0.479412
0.0442953 0.479412
0.0442953 0.482353
0.0449664 0.482353
0.0456376 0.482353
0.0463087 0.482353
0.0469799 0.482353
0.047651 0.482353
0.047651 0.485294
0.047651 0.488235
0.0483221 0.488235
0.0489933 0.488235
0.0496644 0.488235
0.0496644 0.491176
0.0503356 0.491176
0.0510067 0.491176
0.0516779 0.491176
0.0516779 0.494118
0.052349 0.494118
0.052349 0.497059
0.0530201 0.497059
0.0536913 0.497059
0.0543624 0.497059
0.0543624 0.5
0.0550336 0.5
0.0550336 0.502941
0.0557047 0.502941
0.0557047 0.505882
0.0557047 0.508824
0.0563758 0.508824
0.057047 0.508824
0.0577181 0.508824
0.0583893 0.508824
0.0583893 0.511765
0.0590604 0.511765
0.0590604 0.514706
0.0597315 0.514706
0.0604027 0.514706
0.0610738 0.514706
0.0610738 0.517647
0.061745 0.517647
0.0624161 0.517647
0.0630872 0.517647
0.0637584 0.517647
0.0637584 0.520588
0.0644295 0.520588
0.0651007 0.520588
0.0657718 0.520588
0.066443 0.520588
0.0671141 0.520588
0.0671141 0.523529
0.0671141 0.526471
0.0677852 0.526471
0.0677852 0.529412
0.0684564 0.529412
0.0691275 0.529412
0.0691275 0.532353
0.0691275 0.535294
0.0697987 0.535294
0.0704698 0.535294
0.0711409 0.535294
0.0718121 0.535294
0.0724832 0.535294
0.0731544 0.535294
0.0738255 0.535294
0.0738255 0.538235
0.0738255 0.541176
0.0738255 0.544118
0.0744966 0.544118
0.0751678 0.544118
0.0758389 0.544118
0.0765101 0.544118
0.0771812 0.544118
0.0771812 0.547059
0.0771812 0.55
0.0778523 0.55
0.0778523 0.552941
0.0785235 0.552941
0.0785235 0.555882
0.0791946 0.555882
0.0798658 0.555882
0.0805369 0.555882
0.0812081 0.555882
0.0818792 0.555882
0.0825503 0.555882
0.0832215 0.555882
0.0838926 0.555882
0.0845638 0.555882
0.0845638 0.558824
0.0852349 0.558824
0.0852349 0.561765
0.085906 0.561765
0.0865772 0.561765
0.0865772 0.564706
0.0872483 0.564706
0.0879195 0.564706
0.0879195 0.567647
0.0885906 0.567647
0.0892617 0.567647
0.0892617 0.570588
0.0899329 0.570588
0.090604 0.570588
0.0912752 0.570588
0.0912752 0.573529
0.0919463 0.573529
0.0926174 0.573529
0.0926174 0.576471
0.0932886 0.576471
0.0939597 0.576471
0.0946309 0.576471
0.095302 0.576471
0.0959732 0.576471
0.0959732 0.579412
0.0966443 0.579412
0.0973154 0.579412
0.0979866 0.579412
0.0986577 0.579412
0.0986577 0.582353
0.0986577 0.585294
0.0993289 0.585294
0.0993289 0.588235
0.0993289 0.591176
0.1 0.591176
0.100671 0.591176
0.100671 0.594118
0.100671 0.597059
0.101342 0.597059
0.102013 0.597059
0.102685 0.597059
0.103356 0.597059
0.104027 0.597059
0.104698 0.597059
0.104698 0.6
0.104698 0.602941
0.104698 0.605882
0.104698 0.608824
0.105369 0.608824
0.10604 0.608824
0.106711 0.608824
0.106711 0.611765
0.106711 0.614706
0.106711 0.617647
0.107383 0.617647
0.107383 0.620588
0.107383 0.623529
0.108054 0.623529
0.108725 0.623529
0.109396 0.623529
0.110067 0.623529
0.110738 0.623529
0.110738 0.626471
0.111409 0.626471
0.112081 0.626471
0.112081 0.629412
0.112752 0.629412
0.113423 0.629412
0.113423 0.632353
0.113423 0.635294
0.114094 0.635294
0.114094 0.638235
0.114094 0.641176
0.114765 0.641176
0.115436 0.641176
0.115436 0.644118
0.115436 0.647059
0.116107 0.647059
0.116779 0.647059
0.11745 0.647059
0.11745 0.65
0.118121 0.65
0.118121 0.652941
0.118121 0.655882
0.118792 0.655882
0.119463 0.655882
0.119463 0.658824
0.119463 0.661765
0.119463 0.664706
0.119463 0.667647
0.120134 0.667647
0.120805 0.667647
0.120805 0.670588
0.120805 0.673529
0.121477 0.673529
0.122148 0.673529
0.122148 0.676471
0.122819 0.676471
0.122819 0.679412
0.12349 0.679412
0.124161 0.679412
0.124832 0.679412
0.124832 0.682353
0.125503 0.682353
0.126174 0.682353
0.126174 0.685294
0.126174 0.688235
0.126846 0.688235
0.127517 0.688235
0.127517 0.691176
0.128188 0.691176
0.128188 0.694118
0.128188 0.697059
0.128188 0.7
0.128188 0.702941
0.128859 0.702941
0.128859 0.705882
0.12953 0.705882
0.130201 0.705882
0.130872 0.705882
0.131544 0.705882
0.132215 0.705882
0.132886 0.705882
0.133557 0.705882
0.133557 0.708824
0.134228 0.708824
0.134228 0.711765
0.134228 0.714706
0.134228 0.717647
0.134899 0.717647
0.134899 0.720588
0.13557 0.720588
0.136242 0.720588
0.136242 0.723529
0.136913 0.723529
0.137584 0.723529
0.137584 0.726471
0.138255 0.726471
0.138926 0.726471
0.139597 0.726471
0.140268 0.726471
0.14094 0.726471
0.141611 0.726471
0.142282 0.726471
0.142953 0.726471
0.143624 0.726471
0.143624 0.729412
0.144295 0.729412
0.144295 0.732353
0.144966 0.732353
0.144966 0.735294
0.144966 0.738235
0.145638 0.738235
0.145638 0.741176
0.146309 0.741176
0.146309 0.744118
0.14698 0.744118
0.147651 0.744118
0.148322 0.744118
0.148993 0.744118
0.149664 0.744118
0.150336 0.744118
0.151007 0.744118
0.151678 0.744118
0.152349 0.744118
0.15302 0.744118
0.153691 0.744118
0.154362 0.744118
0.154362 0.747059
0.155034 0.747059
0.155705 0.747059
0.156376 0.747059
0.157047 0.747059
0.157718 0.747059
0.157718 0.75
0.157718 0.752941
0.157718 0.755882
0.158389 0.755882
0.158389 0.758824
0.15906 0.758824
0.15906 0.761765
0.159732 0.761765
0.160403 0.761765
0.161074 0.761765
0.161745 0.761765
0.162416 0.761765
0.163087 0.761765
0.163758 0.761765
0.163758 0.764706
0.16443 0.764706
0.16443 0.767647
0.165101 0.767647
0.165101 0.770588
0.165101 0.773529
0.165772 0.773529
0.165772 0.776471
0.166443 0.776471
0.167114 0.776471
0.167785 0.776471
0.168456 0.776471
0.169128 0.776471
0.169128 0.779412
0.169799 0.779412
0.17047 0.779412
0.171141 0.779412
0.171812 0.779412
0.172483 0.779412
0.173154 0.779412
0.173826 0.779412
0.174497 0.779412
0.175168 0.779412
0.175839 0.779412
0.175839 0.782353
0.17651 0.782353
0.17651 0.785294
0.177181 0.785294
0.177852 0.785294
0.178523 0.785294
0.178523 0.788235
0.179195 0.788235
0.179866 0.788235
0.179866 0.791176
0.180537 0.791176
0.181208 0.791176
0.181879 0.791176
0.181879 0.794118
0.18255 0.794118
0.183221 0.794118
0.183893 0.794118
0.184564 0.794118
0.185235 0.794118
0.185906 0.794118
0.186577 0.794118
0.187248 0.794118
0.187919 0.794118
0.187919 0.797059
0.188591 0.797059
0.189262 0.797059
0.189933 0.797059
0.190604 0.797059
0.191275 0.797059
0.191946 0.797059
0.191946 0.8
0.192617 0.8
0.193289 0.8
0.19396 0.8
0.194631 0.8
0.194631 0.802941
0.195302 0.802941
0.195973 0.802941
0.196644 0.802941
0.196644 0.805882
0.197315 0.805882
0.197315 0.808824
0.197987 0.808824
0.197987 0.811765
0.198658 0.811765
0.199329 0.811765
0.2 0.811765
0.200671 0.811765
0.201342 0.811765
0.202013 0.811765
0.202685 0.811765
0.203356 0.811765
0.203356 0.814706
0.204027 0.814706
0.204698 0.814706
0.205369 0.814706
0.20604 0.814706
0.20604 0.817647
0.206711 0.817647
0.207383 0.817647
0.208054 0.817647
0.208054 0.820588
0.208725 0.820588
0.209396 0.820588
0.210067 0.820588
0.210067 0.823529
0.210738 0.823529
0.211409 0.823529
0.212081 0.823529
0.212752 0.823529
0.212752 0.826471
0.213423 0.826471
0.214094 0.826471
0.214765 0.826471
0.215436 0.826471
0.215436 0.829412
0.216107 0.829412
0.216107 0.832353
0.216779 0.832353
0.21745 0.832353
0.21745 0.835294
0.218121 0.835294
0.218792 0.835294
0.219463 0.835294
0.219463 0.838235
0.220134 0.838235
0.220805 0.838235
0.221477 0.838235
0.222148 0.838235
0.222819 0.838235
0.22349 0.838235
0.224161 0.838235
0.224161 0.841176
0.224832 0.841176
0.225503 0.841176
0.225503 0.844118
0.225503 0.847059
0.226174 0.847059
0.226846 0.847059
0.227517 0.847059
0.228188 0.847059
0.228859 0.847059
0.22953 0.847059
0.22953 0.85
0.230201 0.85
0.230872 0.85
0.231544 0.85
0.232215 0.85
0.232886 0.85
0.233557 0.85
0.234228 0.85
0.234228 0.852941
0.234228 0.855882
0.234899 0.855882
0.234899 0.858824
0.23557 0.858824
0.236242 0.858824
0.236913 0.858824
0.237584 0.858824
0.238255 0.858824
0.238255 0.861765
0.238255 0.864706
0.238255 0.867647
0.238926 0.867647
0.238926 0.870588
0.239597 0.870588
0.240268 0.870588
0.24094 0.870588
0.24094 0.873529
0.241611 0.873529
0.242282 0.873529
0.242953 0.873529
0.243624 0.873529
0.244295 0.873529
0.244966 0.873529
0.245638 0.873529
0.246309 0.873529
0.24698 0.873529
0.247651 0.873529
0.248322 0.873529
0.248322 0.876471
0.248322 0.879412
0.248993 0.879412
0.249664 0.879412
0.250336 0.879412
0.251007 0.879412
0.251007 0.882353
0.251678 0.882353
0.251678 0.885294
0.251678 0.888235
0.251678 0.891176
0.251678 0.894118
0.251678 0.897059
0.252349 0.897059
0.25302 0.897059
0.253691 0.897059
0.254362 0.897059
0.255034 0.897059
0.255705 0.897059
0.256376 0.897059
0.257047 0.897059
0.257718 0.897059
0.257718 0.9
0.258389 0.9
0.25906 0.9
0.259732 0.9
0.259732 0.902941
0.260403 0.902941
0.261074 0.902941
0.261745 0.902941
0.262416 0.902941
0.263087 0.902941
0.263758 0.902941
0.26443 0.902941
0.265101 0.902941
0.265772 0.902941
0.266443 0.902941
0.267114 0.902941
0.267785 0.902941
0.268456 0.902941
0.268456 0.905882
0.269128 0.905882
0.269799 0.905882
0.27047 0.905882
0.271141 0.905882
0.271141 0.908824
0.271812 0.908824
0.272483 0.908824
0.273154 0.908824
0.273826 0.908824
0.273826 0.911765
0.274497 0.911765
0.275168 0.911765
0.275839 0.911765
0.27651 0.911765
0.277181 0.911765
0.277852 0.911765
0.277852 0.914706
0.278523 0.914706
0.279195 0.914706
0.279866 0.914706
0.279866 0.917647
0.280537 0.917647
0.281208 0.917647
0.281879 0.917647
0.281879 0.920588
0.28255 0.920588
0.28255 0.923529
0.283221 0.923529
0.283893 0.923529
0.284564 0.923529
0.285235 0.923529
0.285906 0.923529
0.286577 0.923529
0.287248 0.923529
0.287919 0.923529
0.288591 0.923529
0.289262 0.923529
0.289933 0.923529
0.290604 0.923529
0.291275 0.923529
0.291946 0.923529
0.292617 0.923529
0.293289 0.923529
0.29396 0.923529
0.294631 0.923529
0.295302 0.923529
0.295973 0.923529
0.296644 0.923529
0.297315 0.923529
0.297987 0.923529
0.298658 0.923529
0.298658 0.926471
0.299329 0.926471
0.3 0.926471
0.3 0.929412
0.3 0.932353
0.3 0.935294
0.300671 0.935294
0.301342 0.935294
0.302013 0.935294
0.302685 0.935294
0.303356 0.935294
0.304027 0.935294
0.304698 0.935294
0.305369 0.935294
0.30604 0.935294
0.306711 0.935294
0.307383 0.935294
0.308054 0.935294
0.308725 0.935294
0.309396 0.935294
0.310067 0.935294
0.310738 0.935294
0.311409 0.935294
0.312081 0.935294
0.312752 0.935294
0.313423 0.935294
0.314094 0.935294
0.314765 0.935294
0.315436 0.935294
0.316107 0.935294
0.316779 0.935294
0.31745 0.935294
0.318121 0.935294
0.318792 0.935294
0.319463 0.935294
0.320134 0.935294
0.320805 0.935294
0.321477 0.935294
0.322148 0.935294
0.322819 0.935294
0.322819 0.938235
0.322819 0.941176
0.32349 0.941176
0.324161 0.941176
0.324832 0.941176
0.325503 0.941176
0.326174 0.941176
0.326174 0.944118
0.326846 0.944118
0.327517 0.944118
0.328188 0.944118
0.328859 0.944118
0.32953 0.944118
0.330201 0.944118
0.330872 0.944118
0.331544 0.944118
0.332215 0.944118
0.332886 0.944118
0.333557 0.944118
0.334228 0.944118
0.334899 0.944118
0.33557 0.944118
0.33557 0.947059
0.336242 0.947059
0.336913 0.947059
0.337584 0.947059
0.338255 0.947059
0.338255 0.95
0.338926 0.95
0.339597 0.95
0.340268 0.95
0.34094 0.95
0.34094 0.952941
0.341611 0.952941
0.342282 0.952941
0.342953 0.952941
0.343624 0.952941
0.344295 0.952941
0.344966 0.952941
0.345638 0.952941
0.346309 0.952941
0.34698 0.952941
0.347651 0.952941
0.347651 0.955882
0.348322 0.955882
0.348993 0.955882
0.349664 0.955882
0.350336 0.955882
0.351007 0.955882
0.351678 0.955882
0.352349 0.955882
0.35302 0.955882
0.353691 0.955882
0.354362 0.955882
0.355034 0.955882
0.355705 0.955882
0.356376 0.955882
0.357047 0.955882
0.357718 0.955882
0.358389 0.955882
0.35906 0.955882
0.359732 0.955882
0.360403 0.955882
0.361074 0.955882
0.361745 0.955882
0.362416 0.955882
0.363087 0.955882
0.363758 0.955882
0.36443 0.955882
0.365101 0.955882
0.365772 0.955882
0.366443 0.955882
0.367114 0.955882
0.367785 0.955882
0.368456 0.955882
0.369128 0.955882
0.369799 0.955882
0.37047 0.955882
0.371141 0.955882
0.371812 0.955882
0.372483 0.955882
0.373154 0.955882
0.373826 0.955882
0.374497 0.955882
0.375168 0.955882
0.375839 0.955882
0.375839 0.958824
0.37651 0.958824
0.377181 0.958824
0.377852 0.958824
0.378523 0.958824
0.378523 0.961765
0.379195 0.961765
0.379866 0.961765
0.380537 0.961765
0.381208 0.961765
0.381879 0.961765
0.38255 0.961765
0.383221 0.961765
0.383893 0.961765
0.384564 0.961765
0.385235 0.961765
0.385906 0.961765
0.386577 0.961765
0.387248 0.961765
0.387919 0.961765
0.388591 0.961765
0.389262 0.961765
0.389933 0.961765
0.390604 0.961765
0.391275 0.961765
0.391946 0.961765
0.391946 0.964706
0.392617 0.964706
0.392617 0.967647
0.393289 0.967647
0.39396 0.967647
0.394631 0.967647
0.395302 0.967647
0.395973 0.967647
0.396644 0.967647
0.397315 0.967647
0.397987 0.967647
0.398658 0.967647
0.399329 0.967647
0.4 0.967647
0.400671 0.967647
0.401342 0.967647
0.402013 0.967647
0.402685 0.967647
0.403356 0.967647
0.404027 0.967647
0.404698 0.967647
0.405369 0.967647
0.40604 0.967647
0.406711 0.967647
0.406711 0.970588
0.407383 0.970588
0.408054 0.970588
0.408725 0.970588
0.409396 0.970588
0.410067 0.970588
0.410738 0.970588
0.411409 0.970588
0.412081 0.970588
0.412752 0.970588
0.413423 0.970588
0.414094 0.970588
0.414765 0.970588
0.415436 0.970588
0.416107 0.970588
0.416779 0.970588
0.41745 0.970588
0.418121 0.970588
0.418792 0.970588
0.419463 0.970588
0.420134 0.970588
0.420805 0.970588
0.421477 0.970588
0.422148 0.970588
0.422819 0.970588
0.42349 0.970588
0.424161 0.970588
0.424832 0.970588
0.425503 0.970588
0.425503 0.973529
0.426174 0.973529
0.426846 0.973529
0.427517 0.973529
0.428188 0.973529
0.428859 0.973529
0.42953 0.973529
0.430201 0.973529
0.430872 0.973529
0.431544 0.973529
0.432215 0.973529
0.432886 0.973529
0.433557 0.973529
0.434228 0.973529
0.434899 0.973529
0.43557 0.973529
0.436242 0.973529
0.436913 0.973529
0.437584 0.973529
0.438255 0.973529
0.438926 0.973529
0.439597 0.973529
0.440268 0.973529
0.44094 0.973529
0.441611 0.973529
0.442282 0.973529
0.442953 0.973529
0.443624 0.973529
0.444295 0.973529
0.444966 0.973529
0.445638 0.973529
0.446309 0.973529
0.44698 0.973529
0.447651 0.973529
0.448322 0.973529
0.448993 0.973529
0.449664 0.973529
0.450336 0.973529
0.451007 0.973529
0.451678 0.973529
0.452349 0.973529
0.45302 0.973529
0.453691 0.973529
0.454362 0.973529
0.455034 0.973529
0.455705 0.973529
0.456376 0.973529
0.457047 0.973529
0.457718 0.973529
0.458389 0.973529
0.45906 0.973529
0.45906 0.976471
0.459732 0.976471
0.460403 0.976471
0.461074 0.976471
0.461745 0.976471
0.462416 0.976471
0.463087 0.976471
0.463758 0.976471
0.46443 0.976471
0.465101 0.976471
0.465772 0.976471
0.466443 0.976471
0.467114 0.976471
0.467785 0.976471
0.468456 0.976471
0.469128 0.976471
0.469799 0.976471
0.47047 0.976471
0.471141 0.976471
0.471812 0.976471
0.472483 0.976471
0.472483 0.979412
0.472483 0.982353
0.473154 0.982353
0.473154 0.985294
0.473826 0.985294
0.474497 0.985294
0.475168 0.985294
0.475839 0.985294
0.47651 0.985294
0.477181 0.985294
0.477852 0.985294
0.478523 0.985294
0.479195 0.985294
0.479866 0.985294
0.480537 0.985294
0.481208 0.985294
0.481879 0.985294
0.48255 0.985294
0.483221 0.985294
0.483893 0.985294
0.484564 0.985294
0.485235 0.985294
0.485906 0.985294
0.486577 0.985294
0.487248 0.985294
0.487919 0.985294
0.488591 0.985294
0.489262 0.985294
0.489933 0.985294
0.490604 0.985294
0.491275 0.985294
0.491946 0.985294
0.492617 0.985294
0.493289 0.985294
0.49396 0.985294
0.494631 0.985294
0.495302 0.985294
0.495973 0.985294
0.496644 0.985294
0.497315 0.985294
0.497987 0.985294
0.498658 0.985294
0.499329 0.985294
0.5 0.985294
0.500671 0.985294
0.501342 0.985294
0.502013 0.985294
0.502013 0.988235
0.502685 0.988235
0.503356 0.988235
0.504027 0.988235
0.504698 0.988235
0.504698 0.991176
0.505369 0.991176
0.50604 0.991176
0.506711 0.991176
0.507383 0.991176
0.508054 0.991176
0.508725 0.991176
0.509396 0.991176
0.510067 0.991176
0.510738 0.991176
0.511409 0.991176
0.512081 0.991176
0.512752 0.991176
0.513423 0.991176
0.514094 0.991176
0.514765 0.991176
0.515436 0.991176
0.516107 0.991176
0.516779 0.991176
0.51745 0.991176
0.518121 0.991176
0.518792 0.991176
0.519463 0.991176
0.520134 0.991176
0.520805 0.991176
0.521477 0.991176
0.522148 0.991176
0.522819 0.991176
0.52349 0.991176
0.524161 0.991176
0.524832 0.991176
0.525503 0.991176
0.526174 0.991176
0.526846 0.991176
0.527517 0.991176
0.528188 0.991176
0.528859 0.991176
0.52953 0.991176
0.530201 0.991176
0.530872 0.991176
0.531544 0.991176
0.532215 0.991176
0.532886 0.991176
0.533557 0.991176
0.534228 0.991176
0.534899 0.991176
0.53557 0.991176
0.536242 0.991176
0.536913 0.991176
0.537584 0.991176
0.538255 0.991176
0.538926 0.991176
0.539597 0.991176
0.540268 0.991176
0.54094 0.991176
0.541611 0.991176
0.542282 0.991176
0.542953 0.991176
0.543624 0.991176
0.544295 0.991176
0.544966 0.991176
0.545638 0.991176
0.546309 0.991176
0.546309 0.994118
0.54698 0.994118
0.54698 0.997059
0.547651 0.997059
0.548322 0.997059
0.548322 1
0.548993 1
0.549664 1
0.550336 1
0.551007 1
0.551678 1
0.552349 1
1 1
